0: 50,150,0
1: 1050,750,1
2: 8,22,2
3: 20,94,3
4: 16,154,4
5: 24,187,5
6: 36,253,6
7: 20,303,7
8: 20,358,8
9: 16,413,9
10: 12,451,10
11: 8,551,11
12: 32,578,12
13: 36,661,13
14: 16,710,14
15: 12,731,15
16: 4,775,16
17: 43,22,17
18: 59,94,18
19: 79,166,19
20: 59,193,20
21: 55,236,21
22: 47,331,22
23: 67,363,23
24: 59,396,24
25: 51,490,25
26: 51,517,26
27: 71,606,27
28: 71,649,28
29: 47,676,29
30: 67,748,30
31: 59,809,31
32: 106,44,32
33: 86,71,33
34: 94,121,34
35: 86,221,35
36: 110,259,36
37: 86,331,37
38: 106,335,38
39: 106,401,39
40: 94,490,40
41: 82,534,41
42: 94,606,42
43: 110,621,43
44: 110,665,44
45: 102,748,45
46: 106,781,46
47: 133,28,47
48: 121,83,48
49: 153,149,49
50: 149,221,50
51: 141,253,51
52: 145,331,52
53: 145,358,53
54: 125,401,54
55: 145,468,55
56: 133,545,56
57: 129,589,57
58: 149,621,58
59: 125,699,59
60: 137,754,60
61: 125,775,61
62: 196,28,62
63: 184,60,63
64: 164,138,64
65: 184,215,65
66: 176,242,66
67: 180,291,67
68: 168,352,68
69: 184,418,69
70: 192,468,70
71: 160,506,71
72: 168,578,72
73: 196,661,73
74: 184,665,74
75: 184,726,75
76: 184,826,76
77: 211,50,77
78: 223,60,78
79: 231,154,79
80: 215,204,80
81: 227,225,81
82: 235,308,82
83: 215,358,83
84: 231,401,84
85: 235,479,85
86: 223,506,86
87: 235,600,87
88: 223,661,88
89: 231,676,89
90: 235,754,90
91: 219,820,91
92: 258,56,92
93: 262,77,93
94: 242,149,94
95: 246,198,95
96: 246,225,96
97: 270,297,97
98: 266,358,98
99: 274,418,99
100: 266,496,100
101: 246,517,101
102: 238,561,102
103: 246,655,103
104: 246,676,104
105: 242,743,105
106: 238,820,106
107: 293,44,107
108: 305,60,108
109: 281,160,109
110: 309,187,110
111: 301,236,111
112: 297,314,112
113: 297,346,113
114: 277,418,114
115: 277,484,115
116: 301,523,116
117: 281,600,117
118: 297,638,118
119: 305,665,119
120: 313,720,120
121: 293,826,121
122: 348,50,122
123: 348,105,123
124: 316,121,124
125: 340,215,125
126: 336,248,126
127: 324,291,127
128: 316,374,128
129: 344,396,129
130: 332,484,130
131: 348,500,131
132: 320,561,132
133: 320,655,133
134: 348,710,134
135: 348,759,135
136: 348,798,136
137: 387,50,137
138: 363,99,138
139: 379,138,139
140: 387,187,140
141: 371,253,141
142: 391,314,142
143: 387,335,143
144: 379,418,144
145: 359,445,145
146: 371,506,146
147: 367,583,147
148: 375,633,148
149: 367,682,149
150: 363,743,150
151: 359,786,151
152: 426,56,152
153: 402,77,153
154: 418,166,154
155: 422,209,155
156: 410,236,156
157: 402,297,157
158: 426,346,158
159: 406,424,159
160: 430,479,160
161: 422,517,161
162: 394,555,162
163: 426,638,163
164: 418,688,164
165: 426,720,165
166: 426,826,166
167: 449,50,167
168: 437,94,168
169: 437,166,169
170: 453,221,170
171: 457,231,171
172: 445,286,172
173: 453,352,173
174: 453,390,174
175: 433,473,175
176: 469,551,176
177: 465,606,177
178: 437,661,178
179: 449,704,179
180: 453,743,180
181: 469,792,181
182: 496,22,182
183: 484,99,183
184: 508,143,184
185: 504,209,185
186: 496,253,186
187: 504,286,187
188: 504,363,188
189: 488,407,189
190: 496,479,190
191: 504,528,191
192: 492,606,192
193: 496,644,193
194: 472,665,194
195: 484,748,195
196: 488,786,196
197: 511,16,197
198: 539,77,198
199: 547,154,199
200: 511,215,200
201: 535,270,201
202: 531,303,202
203: 547,363,203
204: 519,413,204
205: 543,490,205
206: 511,551,206
207: 531,589,207
208: 511,616,208
209: 527,676,209
210: 523,720,210
211: 547,826,211
212: 558,11,212
213: 558,71,213
214: 566,132,214
215: 554,209,215
216: 554,264,216
217: 570,325,217
218: 562,363,218
219: 570,418,219
220: 554,479,220
221: 562,506,221
222: 578,555,222
223: 586,649,223
224: 554,688,224
225: 554,743,225
226: 566,775,226
227: 605,50,227
228: 593,105,228
229: 589,154,229
230: 593,187,230
231: 605,242,231
232: 589,291,232
233: 601,358,233
234: 625,441,234
235: 593,445,235
236: 617,539,236
237: 601,578,237
238: 617,627,238
239: 593,671,239
240: 625,743,240
241: 609,803,241
242: 644,11,242
243: 640,88,243
244: 664,149,244
245: 644,176,245
246: 632,231,246
247: 652,291,247
248: 640,341,248
249: 660,401,249
250: 636,496,250
251: 644,551,251
252: 652,594,252
253: 640,644,253
254: 628,699,254
255: 656,726,255
256: 628,798,256
257: 691,28,257
258: 691,71,258
259: 671,154,259
260: 667,215,260
261: 667,231,261
262: 703,314,262
263: 687,358,263
264: 667,407,264
265: 699,456,265
266: 687,511,266
267: 675,561,267
268: 703,649,268
269: 703,676,269
270: 683,754,270
271: 679,798,271
272: 710,16,272
273: 710,111,273
274: 730,138,274
275: 738,204,275
276: 714,276,276
277: 742,297,277
278: 734,363,278
279: 734,429,279
280: 738,473,280
281: 706,528,281
282: 742,578,282
283: 734,661,283
284: 718,710,284
285: 718,759,285
286: 726,820,286
287: 761,50,287
288: 745,99,288
289: 781,149,289
290: 749,209,290
291: 761,259,291
292: 777,303,292
293: 781,369,293
294: 749,429,294
295: 757,451,295
296: 761,528,296
297: 773,578,297
298: 749,644,298
299: 765,693,299
300: 761,765,300
301: 753,781,301
302: 816,50,302
303: 788,111,303
304: 804,115,304
305: 812,221,305
306: 784,248,306
307: 804,325,307
308: 784,358,308
309: 808,396,309
310: 796,456,310
311: 800,500,311
312: 812,561,312
313: 800,616,313
314: 812,671,314
315: 808,743,315
316: 788,775,316
317: 843,56,317
318: 859,99,318
319: 823,149,319
320: 859,170,320
321: 843,231,321
322: 839,280,322
323: 831,369,323
324: 851,435,324
325: 859,445,325
326: 823,517,326
327: 823,555,327
328: 843,644,328
329: 827,688,329
330: 851,759,330
331: 855,775,331
332: 898,39,332
333: 862,105,333
334: 882,126,334
335: 890,193,335
336: 870,236,336
337: 894,325,337
338: 882,335,338
339: 886,401,339
340: 894,473,340
341: 870,551,341
342: 898,583,342
343: 898,644,343
344: 866,665,344
345: 862,726,345
346: 898,826,346
347: 905,50,347
348: 921,77,348
349: 937,115,349
350: 925,204,350
351: 925,225,351
352: 901,303,352
353: 937,363,353
354: 917,418,354
355: 929,473,355
356: 913,511,356
357: 925,566,357
358: 929,638,358
359: 933,665,359
360: 929,720,360
361: 913,820,361
362: 976,44,362
363: 972,94,363
364: 940,154,364
365: 972,215,365
366: 960,264,366
367: 976,325,367
368: 952,335,368
369: 952,435,369
370: 968,462,370
371: 960,500,371
372: 960,561,372
373: 956,633,373
374: 972,688,374
375: 964,759,375
376: 960,775,376
377: 999,39,377
378: 1007,77,378
379: 991,166,379
380: 991,187,380
381: 1011,225,381
382: 987,331,382
383: 1011,369,383
384: 1015,413,384
385: 1003,490,385
386: 1015,506,386
387: 983,578,387
388: 987,649,388
389: 979,676,389
390: 987,754,390
391: 1015,814,391
392: 1042,28,392
393: 1030,88,393
394: 1054,160,394
395: 1038,193,395
396: 1034,242,396
397: 1046,314,397
398: 1034,374,398
399: 1026,418,399
400: 1022,445,400
401: 1030,511,401
402: 1022,589,402
403: 1042,638,403
404: 1034,710,404
405: 1046,765,405
406: 1038,809,406
407: 1077,22,407
408: 1065,60,408
409: 1093,138,409
410: 1061,204,410
411: 1057,264,411
412: 1061,319,412
413: 1069,363,413
414: 1077,435,414
415: 1057,490,415
416: 1089,528,416
417: 1061,566,417
418: 1073,661,418
419: 1085,710,419
420: 1057,759,420
421: 1081,803,421
422: 1108,22,422
423: 1096,105,423
424: 1116,121,424
425: 1104,215,425
426: 1124,248,426
427: 1116,325,427
428: 1104,341,428
429: 1116,441,429
430: 1132,473,430
431: 1132,551,431
432: 1108,566,432
433: 1108,649,433
434: 1112,671,434
435: 1124,743,435
436: 1128,803,436
437: 1171,22,437
438: 1135,66,438
439: 1139,143,439
440: 1147,198,440
441: 1159,225,441
442: 1135,286,442
443: 1139,358,443
444: 1143,424,444
445: 1155,462,445
446: 1151,523,446
447: 1155,606,447
448: 1163,655,448
449: 1159,682,449
450: 1139,748,450
451: 1163,781,451
